0	0	0.22428870499134063
0	1	0.3220902383327484
0	2	0.16117966398596764
0	3	0.22087882161140443
0	4	0.12363665699958801
0	5	0.13883759826421738
0	6	0.13115864098072053
0	7	0.2326806217432022
0	8	0.2556310176849365
0	9	0.154582180082798
0	10	0.24750882685184478
0	11	0.11655680015683174
0	12	0.22783557474613192
0	13	0.1650684431195259
0	14	0.17156625837087633
0	15	0.17280027121305466
0	16	0.23612338900566104
0	17	0.2359715700149536
0	18	0.20499848574399948
0	19	0.21927777826786043
0	20	0.16786452680826186
0	21	0.16078840643167497
0	22	0.23905178606510163
0	23	0.17043886184692383
0	24	0.18580557703971862
0	25	0.17559126317501067
0	26	0.18917256891727446
0	27	0.15756105035543444
0	28	0.20844403207302092
0	29	0.21945037841796877
0	30	0.10672549828886986
0	31	0.14047141522169115
0	32	0.18174312114715577
0	33	0.12841209918260577
0	34	0.11270190626382828
0	35	0.1978530526161194
0	36	0.20100655108690263
0	37	0.24379289746284483
0	38	0.22108507454395293
0	39	0.23205175697803498
0	40	0.1527784213423729
0	41	0.20786836296319963
0	42	0.17442134022712708
0	43	0.18718960881233215
0	44	0.08445751331746577
0	45	0.09056445807218552
0	46	0.16805885657668115
0	47	0.17900428920984268
0	48	0.22985379099845887
0	49	0.11630241870880129
0	50	0.14230751395225524
0	51	0.22329994142055512
0	52	0.2317149117588997
0	53	0.1807855486869812
0	54	0.16648564040660857
0	55	0.22843650579452512
0	56	0.21320312172174455
0	57	0.1013271689414978
0	58	0.14678072184324265
0	59	0.17647799402475356
0	60	0.16490784287452698
0	61	0.1767611525952816
0	62	0.23989853262901306
0	63	0.23644250333309175
0	64	0.15422477573156357
0	65	0.13951804861426353
0	66	0.14786116778850555
0	67	0.21531635671854019
0	68	0.2134787395596504
0	69	0.20647309422492982
0	70	0.20930666476488113
0	71	0.13047653734683992
0	72	0.14673724845051767
0	73	0.12246190905570983
0	74	0.07376119494438171
0	75	0.24352556169033052
0	76	0.1692867696285248
0	77	0.2021489143371582
0	78	0.24592311978340148
0	79	0.15357772558927535
0	80	0.17200992703437806
0	81	0.12274349480867386
0	82	0.12613705843687056
0	83	0.25441612601280217
0	84	0.5429410815238953
0	85	0.06335430145263672
0	86	0.27787248194217684
0	87	0.19543436765670777
0	88	0.14398061484098434
0	89	0.14777554124593734
0	90	0.19236794114112854
0	91	0.21048441380262378
0	92	0.2697511583566666
0	93	0.2427846074104309
0	94	0.1602922946214676
0	95	0.13801620602607728
0	96	0.15542002022266388
0	97	0.2248744606971741
0	98	0.16299896091222765
0	99	0.02133626490831375
0	100	0.10025165304541588
0	101	0.14206010922789575
0	102	0.07602434158325196
0	103	0.2430230498313904
0	104	0.18825562298297882
0	105	0.16004515886306764
0	106	0.14835154712200166
0	107	0.19388733804225922
0	108	0.24630978554487232
0	109	0.2578935772180557
0	110	0.108531454205513
0	111	0.14457071870565413
0	112	0.20423175990581513
0	113	0.0919098235666752
0	114	0.16486108899116514
0	115	0.13572485148906707
0	116	0.06769719570875168
0	117	0.15962785109877586
0	118	0.19776939004659652
0	119	0.14700872600078582
0	120	0.18990183472633362
0	121	0.11909249648451806
0	122	0.24259681105613706
0	123	0.11120837908238172
0	124	0.08710959106683731
0	125	0.10857383310794831
0	126	0.21581759452819826
0	127	0.1947514697909355
0	128	0.09007043577730656
0	129	0.2222518354654312
0	130	0.24797785580158233
0	131	0.2756615042686463
0	132	0.1427054688334465
0	133	0.06055589318275452
0	134	0.24335205256938935
0	135	0.24654497504234313
0	136	0.17511627227067947
0	137	0.16400053948163987
0	138	0.25459164679050444
0	139	0.19450784027576445
0	140	0.08211214616894721
0	141	0.23290962874889376
0	142	0.3584313809871673
0	143	0.1776821419596672
0	144	0.13123097270727158
0	145	0.043784692883491516
0	146	0.23257831633090975
0	147	0.20683912932872772
0	148	0.22722620368003843
0	149	0.21373647451400757
0	150	0.12202359884977342
0	151	0.18861035704612733
0	152	0.17495047301054
0	153	0.2756574064493179
0	154	0.23835043609142303
0	155	0.26859723031520844
0	156	0.30107665061950684
0	157	0.07777559757232666
0	158	0.19077546447515487
0	159	0.17432246208190919
0	160	0.12271485030651093
0	161	0.12889782786369325
0	162	0.21662154644727705
0	163	0.23832339346408846
0	164	0.16402834802865984
0	165	0.22702122330665586
0	166	0.3167970210313797
0	167	0.23215994238853455
0	168	0.1601755902171135
0	169	0.282040610909462
0	170	0.1753041610121727
0	171	0.24095658212900162
0	172	0.2522952452301979
0	173	0.15158216804265978
0	174	0.1700713500380516
0	175	0.31380205154418944
0	176	0.3729445993900299
0	177	0.2531821519136429
0	178	0.16384901031851767
0	179	0.17554337829351427
0	180	0.2319605052471161
0	181	0.20538394898176193
0	182	0.21295538544654846
0	183	0.20815249383449555
0	184	0.10962866842746735
0	185	0.22960326820611954
0	186	0.21323759555816652
0	187	0.16146698445081709
0	188	0.17849165052175522
0	189	0.1936410188674927
0	190	0.35833346247673037
0	191	0.08702198415994644
0	192	0.044881561398506166
0	193	0.2023334324359894
0	194	0.08209620714187622
0	195	0.1841968283057213
0	196	0.19775573611259462
0	197	0.21788199245929718
0	198	0.01611245721578598
0	199	0.12132735550403595
0	200	0.04065191447734833
0	201	0.05184138417243958
0	202	0.1571786493062973
0	203	0.02387331873178482
0	204	0.04902687668800354
0	205	0.030806910991668702
0	206	0.060431396961212164
0	207	0.014816297590732575
0	208	0.02387331873178482
0	209	0.05325452089309693
0	210	0.12555324286222458
0	211	0.23929370343685152
0	212	0.17336768805980682
